0,1,2,4,5,62,86,186,206,207,226
3,323,19,20,21,26,255,258,264,24,116,117,118,119,150,32,63,168,170,33,54,55,123,130,176
6,8,10,68,69,70,71,14,22,27,28,15,16,18,29,300,23,66,315,316,317,319,37,38,40,109,233,79,80,85,133
7,72,73,74,75,76,77,91,124,139,199,200,215,96,104,106,112,113,114,182,98,99,225,230,108,190,214,217,131,145,146,149,296,135,140,141,263
9,12,95,102,120,122,11,13,17,110,111,115,312,83,189,191,194,195,197,198,125,126,127,142,143,309,128,129,132,137,167,138,162,163,187
25,31,56,299,310,30,179,282,283,41,42,44,121,183,184,45,144,147,148,175,47,92,305,306,157,158,159,160,165,265,266,274,275,291,294,301,313
34,35,59,61,64,65,67,36,81,82,105,107,173,39,43,227,228,229,50,51,52,78,100,101,103,53,58,60,232,84,151,152,161
46,201,202,222,311,48,93,94,97,308,314,318,320,321,322
49,57,188,203,153,154,155,156,213,216,231,234,303,235,238,271,276,241,242,243,249,287,253,254,256,259,295,307
87,88,89,134,136,166,90,174,273,290,292,298,180,181,192,246,247,262,250,251,272,304
164,218,257,260,169,172,177,178,240,252,171,185,237,297,193,196,261,270
204,205,208,209,210,211,212,239,219,267,288,289,293,220,244,245,248,302,221,223,224,236,268,269,277,278,279,280,281,284,285,286
